639
672
125
568
822
663
567
275
408
242
990
909
334
861
348
881
939
757
302
37
912
708
767
420
522
673
593
278
995
793
484
167
933
779
179
790
670
649
948
293
230
163
586
585
531
397
361
926
888
884
870
675
565
368
268
44
956
860
501
311
991
614
582
407
320
963
944
886
741
664
609
363
295
193
78
982
797
646
333
294
838
799
772
747
510
385
223
170
905
596
584
290
253
139
129
720
175
993
976
829
763
405
257
889
773
608
117
11
791
627
184
63
794
528
440
4
984
872
771
506
493
237
66
3
760
597
515
474
469
464
412
354
347
248
183
23
863
703
689
637
612
387
158
965
687
667
632
535
524
511
485
374
189
826
796
736
695
545
489
370
303
190
46
927
924
915
882
878
761
679
659
598
546
432
383
341
326
201
114
99
41
854
788
755
613
517
514
228
219
212
110
70
55
950
848
759
722
579
547
414
308
297
202
109
28
994
923
874
735
642
583
555
379
197
148
122
929
844
740
630
629
615
526
289
238
224
134
59
941
910
775
665
636
548
499
306
298
292
137
962
859
839
801
800
783
778
748
731
617
549
459
431
173
33
968
856
818
709
693
644
394
226
214
153
140
105
32
621
539
442
269
49
979
952
931
899
624
610
571
365
351
38
914
853
824
589
580
566
498
352
215
959
895
685
677
551
530
520
471
417
307
128
29
987
913
852
804
737
699
631
622
502
446
434
309
203
39
992
973
904
768
681
660
400
399
350
250
154
98
57
51
828
807
686
541
490
424
409
282
209
160
17
942
834
787
742
690
634
562
553
543
504
421
231
101
14
999
958
862
851
700
592
550
527
516
512
454
378
336
296
245
124
121
47
42
10
946
920
902
898
897
891
827
813
805
774
753
712
691
605
563
542
478
419
345
280
136
31
980
932
901
892
867
809
789
777
603
359
358
312
229
111
103
69
975
858
655
595
574
572
430
375
349
340
284
266
235
130
86
62
36
997
820
706
641
503
460
411
377
331
260
232
146
67
18
1000
957
953
917
876
786
734
676
497
467
457
274
255
935
694
656
557
373
323
243
221
169
157
48
985
966
938
925
836
465
458
382
327
267
213
947
911
885
711
705
704
544
495
395
366
343
254
240
94
43
15
988
936
922
842
714
618
479
466
304
271
263
90
940
934
928
855
795
752
743
726
591
573
441
415
413
390
386
291
272
247
239
171
143
127
120
118
113
88
77
58
13
864
816
754
746
692
521
519
494
455
353
330
322
286
210
198
185
181
172
93
19
971
806
785
587
581
507
429
398
337
329
300
241
222
141
100
92
919
906
894
845
733
729
437
428
423
64
986
814
666
654
578
577
270
258
207
176
95
83
998
960
949
846
831
762
756
723
668
650
640
491
461
456
449
426
410
328
196
164
102
27
5
833
769
702
651
540
462
355
265
262
218
180
165
977
918
877
873
841
840
730
552
525
509
476
451
406
380
339
318
273
186
142
869
798
717
680
674
619
575
453
324
321
313
97
52
50
1001
983
972
943
802
781
728
638
523
483
315
287
259
192
25
16
955
879
812
811
698
697
396
356
123
907
883
749
671
647
599
416
319
283
261
89
71
68
56
964
792
764
739
561
513
480
436
392
381
372
316
256
178
60
26
996
951
945
890
758
648
538
532
376
342
220
168
162
900
887
875
770
496
487
367
360
277
252
233
225
150
131
116
115
76
40
34
30
866
815
765
643
626
536
427
418
364
251
119
857
821
745
727
588
422
369
194
159
133
72
21
20
6
989
750
662
606
602
357
317
249
246
244
199
166
161
930
850
825
784
684
683
576
560
505
482
338
234
188
107
45
832
718
628
604
594
559
391
384
314
187
152
108
82
9
908
868
678
669
633
80
893
766
463
344
174
112
75
701
623
473
438
264
236
206
880
713
688
661
590
444
402
371
288
227
211
191
8
921
657
500
435
346
147
7
808
564
534
518
145
74
776
472
135
73
817
803
653
620
558
404
830
823
719
607
335
217
216
847
696
488
450
443
208
149
144
84
35
24
22
954
871
849
738
554
310
61
970
652
616
533
445
388
362
200
155
54
937
835
810
780
744
732
156
85
969
967
961
645
601
600
508
477
204
865
468
281
195
682
403
393
332
819
205
126
65
710
492
425
177
782
716
715
658
529
299
151
91
837
611
537
486
452
79
981
843
433
325
106
96
301
625
556
305
132
978
707
570
53
974
903
725
276
87
401
182
569
448
439
475
81
12
896
751
389
721
279
447
138
724
635
916
470
104
481
285
