383
415
610
676
817
498
485
678
563
494
421
294
808
703
380
22
687
896
466
376
280
997
978
268
222
968
691
824
528
295
242
52
90
999
753
688
461
947
888
261
187
819
799
630
180
1001
856
646
56
436
217
840
648
349
298
915
878
859
905
755
640
612
479
437
251
14
962
757
743
740
657
495
313
125
67
781
531
263
228
213
197
764
925
787
661
601
679
34
647
211
129
971
901
565
381
118
95
61
42
847
788
754
730
685
624
478
391
370
177
924
720
541
501
431
338
324
230
100
94
2
920
866
499
399
382
375
327
276
192
44
812
632
440
91
18
842
758
635
476
315
274
219
79
882
844
715
539
368
171
146
138
941
872
775
614
74
860
761
527
131
938
918
864
671
660
642
342
257
244
139
112
886
871
843
651
503
356
329
281
224
135
7
966
880
832
763
419
384
227
191
162
155
63
929
804
798
789
772
759
414
355
309
827
728
599
504
407
350
198
181
153
70
965
933
862
828
821
684
663
621
568
510
114
899
712
672
618
255
226
130
5
935
887
784
502
435
289
218
201
195
176
78
60
48
771
751
725
450
164
148
711
699
597
401
366
363
325
159
103
26
976
891
604
586
371
149
128
16
3
940
921
911
835
778
680
608
603
587
524
513
442
282
150
80
12
984
979
972
894
710
637
481
449
389
351
334
288
287
199
19
987
955
722
557
512
480
392
386
347
343
293
234
216
59
41
996
765
696
638
585
558
506
447
403
345
161
105
93
35
944
889
811
719
659
310
302
258
160
124
111
28
922
893
831
802
662
616
519
489
463
402
379
307
273
144
68
36
934
916
908
441
278
206
73
45
961
813
729
655
634
626
492
467
314
306
246
190
142
81
29
964
914
884
795
779
745
732
464
360
354
272
265
260
194
116
10
6
1000
977
949
945
917
906
846
836
723
583
562
559
551
517
416
332
75
66
62
55
948
875
823
800
776
727
683
622
615
580
549
373
341
316
269
223
175
117
72
69
58
43
37
15
873
863
805
749
724
417
406
333
305
290
271
266
122
108
98
87
54
8
825
822
814
783
767
694
654
633
631
593
511
454
422
378
377
337
326
308
291
256
254
225
183
169
992
881
668
596
514
497
491
439
361
304
185
167
110
86
928
853
792
716
575
570
505
462
411
311
297
279
236
205
133
33
746
742
735
677
670
620
605
552
530
518
425
405
322
303
145
71
25
958
852
780
578
459
453
446
390
352
248
232
77
974
967
898
837
797
750
695
613
543
538
465
444
426
410
317
231
174
158
154
810
717
700
673
658
577
547
535
433
412
252
245
120
96
23
998
903
816
611
569
545
542
448
328
320
283
235
31
980
939
885
777
760
731
701
666
576
359
323
299
262
243
179
178
53
960
936
829
756
708
645
548
443
208
102
879
855
839
747
739
686
667
617
579
554
438
434
432
409
189
188
99
923
910
718
590
525
484
430
423
353
833
591
588
560
526
475
296
121
13
991
985
909
876
803
534
400
259
200
27
927
900
870
794
770
702
697
669
656
573
561
487
469
468
413
395
385
369
240
193
106
97
76
988
953
943
845
533
470
318
267
184
152
136
24
981
950
932
869
861
850
848
737
675
664
619
566
346
165
147
134
994
959
951
912
890
762
734
628
553
387
284
237
210
140
84
51
892
868
429
336
331
321
312
277
229
163
151
123
85
50
4
946
895
636
508
418
82
954
937
830
707
639
607
589
546
540
156
115
83
995
970
931
714
572
532
483
456
397
394
286
275
212
9
769
738
629
592
500
420
367
348
233
207
92
47
20
907
874
841
733
681
556
555
536
509
457
451
249
214
963
507
474
424
408
238
182
170
157
126
65
990
982
650
584
574
564
522
493
477
458
362
330
319
119
104
38
956
865
801
705
300
983
957
858
854
713
682
595
486
471
404
388
365
344
101
820
550
544
460
358
141
127
113
952
834
786
766
736
689
488
445
428
204
132
986
748
704
472
398
396
372
21
17
652
602
520
427
292
46
930
926
857
849
744
598
516
247
975
793
693
644
339
253
220
172
64
913
867
698
270
264
241
40
897
815
790
774
643
594
582
455
340
851
741
581
529
109
107
973
883
606
523
89
806
567
482
374
335
88
904
627
600
521
166
625
515
221
215
49
30
186
168
57
838
807
641
473
203
143
919
537
357
32
721
496
173
969
690
653
649
782
706
796
250
674
285
818
301
773
202
989
877
791
692
726
239
709
571
196
826
137
209
768
665
752
623
39
942
452
993
902
393
785
490
609
364
809
