841
556
113
887
150
560
681
22
480
970
613
110
678
967
292
929
884
706
121
805
301
144
783
598
233
183
88
990
923
816
768
610
804
411
65
624
246
148
673
482
374
120
77
677
628
439
181
699
541
431
163
138
17
983
837
671
166
948
744
464
360
977
797
443
353
345
199
986
828
777
773
501
256
131
13
827
492
477
449
101
869
684
48
724
723
691
569
551
497
210
191
859
855
822
446
169
157
92
961
893
831
653
584
451
364
9
849
717
589
366
336
135
69
989
984
899
471
417
342
340
261
19
971
810
705
641
413
76
605
400
333
214
924
921
679
539
373
203
194
96
45
37
938
903
896
682
388
365
259
164
87
926
741
727
686
557
368
316
264
230
160
881
854
718
638
637
636
634
616
552
344
283
200
154
38
965
947
843
812
769
761
622
607
513
510
386
308
206
134
73
969
897
829
765
751
685
655
548
522
455
198
174
168
954
868
748
575
507
490
459
356
313
268
222
116
898
786
725
574
553
320
75
74
32
31
8
851
667
625
597
579
550
460
398
232
205
60
53
6
991
968
890
766
650
620
572
562
542
509
489
478
351
280
153
962
698
657
502
500
487
469
414
392
296
289
285
195
15
946
945
919
858
817
813
712
708
642
595
463
457
427
361
219
142
86
964
825
776
632
592
591
568
468
436
94
67
11
972
966
953
918
880
874
703
660
645
583
537
391
384
204
981
915
900
886
639
581
540
527
453
435
260
217
99
80
59
47
959
907
872
845
793
734
730
714
676
626
525
518
437
362
350
271
149
93
44
25
950
944
914
867
759
757
651
462
369
178
41
26
866
847
763
762
754
692
672
585
466
387
306
190
187
185
130
56
838
799
720
700
580
473
472
433
422
355
293
180
42
20
7
917
895
832
826
646
456
403
928
800
745
731
588
544
438
346
269
240
216
111
34
975
936
912
755
695
689
600
523
349
322
307
81
71
5
861
823
809
704
702
633
434
395
372
311
300
277
170
106
97
960
952
790
774
710
661
640
563
538
531
430
406
399
389
370
327
257
220
208
27
978
830
738
721
619
609
570
515
378
326
278
193
188
151
143
126
115
91
85
998
985
906
873
746
602
380
137
102
933
806
752
707
666
656
617
608
367
207
146
30
23
994
818
808
791
604
530
212
197
108
64
913
901
785
722
711
683
615
526
485
474
114
836
534
519
448
426
425
407
405
393
315
314
290
267
167
119
89
57
932
875
697
603
415
291
270
252
242
189
43
33
21
995
974
652
649
612
599
586
488
484
483
450
319
303
235
196
186
128
112
82
930
885
879
862
798
784
687
629
621
535
496
401
363
348
347
341
321
229
215
156
118
18
1001
910
876
756
742
494
421
379
231
155
24
889
782
747
549
475
323
182
165
124
123
894
863
834
564
555
533
486
476
423
410
394
376
334
318
287
274
244
211
161
145
84
35
857
814
811
740
587
503
390
312
310
103
40
28
905
883
255
139
79
68
62
54
911
888
865
801
792
694
566
377
265
141
4
942
941
815
736
611
594
504
382
304
298
273
55
3
956
955
882
807
764
737
658
623
442
420
408
381
331
309
297
295
272
236
100
95
50
992
891
696
643
627
571
465
416
404
402
339
286
250
227
162
122
51
980
963
939
860
767
716
654
631
565
440
343
329
302
224
223
221
175
159
127
996
943
582
520
470
461
357
330
276
275
266
226
192
104
916
779
719
680
567
432
412
281
258
248
83
856
728
647
536
467
452
288
249
36
878
850
819
669
593
554
524
495
441
337
109
72
58
993
988
957
949
925
803
753
749
693
688
648
558
543
532
263
152
98
958
935
821
511
396
262
218
864
788
709
690
644
499
418
237
70
987
934
908
871
853
835
833
780
659
577
546
512
498
352
245
239
179
147
61
846
787
758
733
606
375
228
997
848
739
732
726
701
664
578
561
547
358
324
279
243
201
979
909
775
729
517
506
428
927
870
794
715
630
529
385
383
354
282
176
173
1000
635
614
590
294
184
177
892
852
505
409
335
234
133
670
521
481
458
419
158
132
16
839
760
225
931
922
904
750
514
508
447
328
284
253
172
63
29
844
820
663
202
117
52
877
840
662
479
332
940
824
254
238
920
781
493
444
251
772
675
576
528
171
78
771
213
105
795
778
454
241
976
559
491
397
136
999
107
951
796
618
601
338
596
305
14
516
429
325
209
49
902
371
140
66
573
359
299
802
545
39
668
445
90
743
674
424
770
2
665
46
937
125
247
842
129
982
789
317
973
10
735
713
