682
380
202
530
451
869
906
802
443
181
772
888
793
391
748
183
91
399
778
151
768
393
823
629
591
998
488
430
301
191
853
658
516
874
471
916
849
215
97
938
425
566
433
373
296
182
976
925
797
652
650
533
700
414
279
223
127
117
990
970
910
840
517
843
707
408
354
65
45
12
881
728
569
559
155
884
839
617
436
42
26
730
467
274
271
251
231
119
705
597
434
252
221
106
841
818
634
267
5
719
633
490
432
409
289
39
923
909
805
612
582
455
340
148
932
914
630
472
299
230
88
790
742
604
551
405
339
46
929
928
812
800
378
150
113
43
982
918
893
531
494
448
426
421
417
305
275
200
947
935
720
706
687
496
358
313
295
170
116
60
59
15
1001
917
904
723
508
423
314
306
273
246
136
110
25
986
770
715
573
561
505
390
368
341
233
80
52
30
991
872
691
605
389
320
210
66
64
14
779
752
581
550
302
222
160
118
49
37
813
736
404
327
287
284
32
24
9
889
789
764
654
651
578
524
325
205
163
72
48
40
985
983
942
817
642
596
520
484
439
407
397
375
187
87
997
978
940
821
740
656
544
507
401
323
264
147
85
912
775
749
637
627
584
523
463
394
304
186
962
930
794
767
588
575
568
343
312
308
270
262
194
178
100
28
20
931
922
897
847
836
788
786
696
668
548
536
519
493
465
437
388
382
129
55
965
782
759
659
641
603
587
567
541
511
495
413
412
359
248
247
179
103
78
902
891
877
846
733
689
676
660
626
613
534
410
384
333
290
259
152
137
130
999
955
908
819
810
760
738
576
500
352
282
238
236
218
146
972
969
858
803
754
703
620
614
538
525
419
244
174
101
71
958
892
875
625
565
527
510
395
381
311
285
234
201
141
111
47
7
977
951
943
766
708
645
636
590
585
479
263
220
204
198
184
140
74
857
822
806
731
711
697
631
438
429
372
367
224
173
83
77
979
973
960
863
842
586
492
476
456
449
332
292
276
212
75
56
971
887
861
848
780
698
580
502
501
468
256
229
217
209
95
58
18
994
993
936
880
815
791
648
600
361
353
315
303
219
84
963
833
783
680
667
608
579
547
526
316
310
159
120
21
967
941
796
771
713
677
635
628
601
450
364
319
317
280
214
192
172
162
913
882
855
844
835
747
529
485
474
300
281
278
254
245
216
206
73
10
781
695
692
611
610
606
594
556
470
418
402
370
249
213
144
142
35
921
879
804
799
726
666
598
554
535
482
411
369
363
336
189
171
131
121
33
2
975
953
866
724
572
555
553
545
342
328
104
82
3
987
950
769
589
546
475
459
453
424
398
396
135
99
4
989
894
827
765
755
753
734
618
563
489
286
228
196
177
168
154
153
145
820
814
795
761
744
739
570
498
487
460
440
383
374
366
207
203
96
6
945
856
735
643
640
624
514
452
250
158
112
86
38
954
870
852
798
777
732
716
704
674
664
462
441
67
61
996
949
876
831
816
787
746
671
562
497
486
481
458
428
365
330
132
90
933
886
743
577
377
326
293
193
138
124
114
69
41
11
974
957
895
718
714
710
690
647
644
599
478
466
444
400
345
294
283
255
166
164
161
81
70
964
944
927
926
911
825
717
683
619
607
435
356
346
297
260
242
143
123
92
50
1000
992
920
903
729
725
681
662
655
564
447
403
344
199
149
98
57
8
850
809
801
785
737
722
549
528
515
157
133
984
959
899
763
712
685
583
499
227
63
956
901
900
871
830
469
431
329
321
195
156
23
966
758
672
665
537
445
406
371
89
22
981
934
860
811
699
480
446
126
109
107
17
864
774
762
483
379
350
334
288
139
19
980
865
741
678
675
632
539
512
415
829
709
688
653
416
362
351
208
44
27
862
792
686
560
338
337
268
258
188
832
751
616
357
253
237
197
185
128
31
828
721
669
639
557
422
392
355
277
232
175
169
134
115
968
750
595
521
477
226
62
54
51
948
867
702
679
673
335
324
309
176
988
552
457
349
298
266
261
16
868
225
961
307
190
105
937
924
859
593
540
331
265
76
946
905
873
638
602
574
542
122
684
592
513
420
360
348
239
952
558
506
257
93
757
745
347
180
125
94
53
571
509
504
491
211
29
784
694
622
464
269
240
851
838
503
454
883
808
318
102
615
243
165
845
756
522
518
427
915
776
442
385
272
241
907
837
824
727
657
623
386
34
995
854
670
649
646
532
108
701
898
834
661
461
387
68
885
807
543
376
167
773
826
291
919
896
878
693
79
663
621
322
609
473
890
235
939
36
