139
75
284
502
369
234
442
413
268
426
66
387
26
129
865
151
856
479
56
986
507
415
907
818
539
180
787
881
840
251
166
795
776
760
743
424
383
355
992
902
559
962
759
667
209
92
49
11
714
685
681
430
315
244
90
740
194
866
790
758
693
626
452
393
303
219
950
857
579
501
103
67
34
906
599
122
860
855
748
732
716
678
503
500
326
111
854
545
457
800
373
367
310
299
269
178
160
94
65
4
1001
893
708
514
428
339
266
177
167
694
549
324
285
229
95
968
382
361
237
186
181
105
64
55
844
828
631
462
354
293
279
248
195
183
7
985
872
751
695
647
645
564
558
497
246
214
927
704
566
368
366
17
931
484
478
450
419
371
286
275
220
859
738
706
381
372
258
175
77
45
960
845
476
448
437
403
305
211
965
869
715
702
701
699
669
535
356
289
215
157
143
117
59
873
768
655
523
467
304
253
192
161
93
87
16
833
799
658
639
505
469
432
429
412
338
262
13
988
941
918
756
753
729
650
649
613
451
330
9
939
819
597
578
496
468
189
972
923
797
754
499
481
466
370
235
228
104
937
852
629
408
321
242
179
170
159
18
917
864
746
688
553
552
542
533
456
449
271
110
955
935
804
784
680
567
374
297
202
188
120
96
40
39
904
896
895
771
763
611
538
491
423
388
384
231
208
148
22
810
764
752
664
619
581
510
348
336
311
265
171
165
43
952
922
909
832
803
766
742
696
691
628
627
543
406
399
204
911
807
783
659
651
561
487
411
182
141
60
52
30
897
874
723
670
635
594
563
444
267
250
132
948
777
608
524
513
472
377
335
260
201
125
99
83
80
72
42
2
946
903
755
735
671
610
417
402
379
345
932
930
928
900
770
757
739
719
684
615
587
575
546
516
515
459
435
395
343
264
232
230
216
85
50
1000
991
943
883
858
834
831
817
668
665
585
421
404
380
334
320
314
306
255
981
921
798
789
773
673
622
607
540
475
352
272
217
138
131
73
58
28
976
842
730
728
724
662
569
537
530
463
307
288
162
153
108
82
35
29
963
958
933
908
878
824
778
737
721
700
591
474
414
392
203
134
118
961
949
880
813
775
661
521
458
394
249
164
944
888
871
851
806
769
720
698
675
541
473
441
401
358
316
282
238
206
176
69
10
979
841
733
710
676
583
506
494
470
375
344
327
301
263
86
901
884
850
825
767
686
609
570
398
360
295
270
221
173
124
993
808
788
692
562
532
509
405
357
319
174
119
71
914
830
794
744
617
325
205
23
998
982
957
951
920
877
793
749
517
407
342
187
152
144
140
102
36
8
971
913
885
870
801
761
726
630
239
156
135
126
106
88
975
967
899
894
846
802
601
595
582
556
471
455
400
391
389
364
340
294
154
32
3
868
782
780
454
434
347
312
236
91
61
996
983
898
827
682
534
439
376
280
112
79
19
997
947
814
747
663
623
593
573
554
512
485
482
438
420
363
329
309
278
254
224
207
114
76
20
989
973
925
837
713
642
634
620
606
572
571
410
318
190
155
929
916
887
861
722
577
557
313
302
252
78
48
995
959
953
945
734
689
660
602
531
488
447
445
273
261
210
54
879
812
779
727
705
697
598
544
526
436
433
163
113
919
891
826
781
725
624
618
612
600
536
486
397
172
142
74
57
25
980
934
853
835
683
674
666
656
633
632
603
422
296
222
146
127
970
890
796
712
648
644
596
590
492
416
332
322
317
185
149
130
89
924
654
592
568
565
511
460
431
378
346
247
225
133
6
863
653
643
292
290
212
70
62
24
954
657
588
453
440
386
256
107
21
994
990
977
974
938
762
638
584
522
519
418
287
213
158
98
81
926
862
741
625
576
528
480
341
323
277
147
116
37
548
518
504
477
427
259
200
987
889
867
711
641
580
560
359
169
150
966
829
709
652
637
349
333
298
276
199
101
63
940
849
687
409
331
281
786
604
574
520
508
493
465
443
257
226
51
843
838
822
792
679
495
243
240
15
677
672
586
351
350
137
68
38
821
731
529
498
490
390
291
218
100
97
984
905
805
750
718
875
621
446
121
47
912
605
362
353
198
5
772
550
396
245
233
53
936
616
614
525
283
274
191
184
999
809
816
736
46
915
848
839
464
910
876
791
703
690
425
227
197
196
145
84
31
823
785
385
337
847
483
365
136
978
308
223
115
836
636
964
956
123
461
328
44
589
300
193
12
640
168
892
707
547
969
774
646
551
41
745
109
942
765
27
820
717
555
811
886
815
489
882
33
128
527
241
