133
528
203
68
567
921
817
506
777
779
920
775
74
277
40
961
796
110
948
737
701
564
338
743
630
296
811
666
560
254
201
37
21
858
797
771
765
644
628
604
406
757
94
781
682
649
563
448
152
819
716
736
402
158
783
778
722
434
143
116
91
991
988
883
826
552
522
364
684
412
252
183
169
121
4
569
479
717
527
459
454
438
341
118
993
973
938
787
662
555
334
255
986
947
824
782
510
215
189
45
995
714
652
611
558
504
304
167
164
153
122
93
66
55
868
833
472
468
120
95
50
23
922
774
605
488
471
320
307
244
971
812
744
541
336
312
265
123
28
936
919
637
514
509
330
884
821
570
535
513
321
268
173
111
43
13
866
840
712
668
612
534
128
3
806
772
770
515
373
343
207
33
983
979
895
890
818
788
610
531
521
353
184
144
70
8
956
780
767
764
745
673
588
546
245
229
218
151
113
96
92
88
39
877
854
842
708
693
458
382
371
342
294
220
139
137
930
901
862
844
529
501
368
278
224
223
156
117
106
967
351
306
187
112
98
932
926
848
760
740
687
547
446
440
369
346
326
233
222
160
12
984
808
636
620
456
286
181
879
849
839
801
707
700
657
325
202
85
42
7
816
685
545
483
421
410
319
259
249
155
140
31
978
882
875
731
727
581
500
496
422
302
61
6
815
805
802
786
725
655
645
618
602
601
551
492
457
397
387
345
303
261
101
90
25
889
857
773
769
721
702
654
608
539
507
498
433
424
415
396
282
281
234
225
146
83
30
893
847
766
754
692
642
634
461
416
400
290
284
283
56
963
933
828
667
516
512
398
358
348
295
293
135
115
34
945
925
718
665
661
530
478
305
298
199
190
174
954
911
795
577
487
469
372
310
299
285
279
179
127
125
48
918
874
829
763
671
640
638
626
571
519
494
465
418
370
365
301
276
237
204
186
136
119
46
900
886
851
800
798
785
694
580
578
352
176
107
17
11
996
872
733
723
710
643
379
318
36
22
916
867
820
633
591
511
395
392
377
374
316
300
248
241
906
846
836
832
803
746
486
481
455
425
380
142
75
29
19
981
929
928
908
759
674
629
378
313
230
67
2
1000
989
959
917
762
728
582
559
548
430
391
292
198
196
937
885
878
784
726
678
669
609
550
490
390
363
355
270
216
171
147
131
109
97
949
909
898
827
703
688
660
596
584
538
489
443
405
393
388
375
315
314
263
257
235
227
192
145
108
105
57
965
962
940
915
859
794
738
698
597
592
453
436
367
309
232
163
73
53
976
975
957
923
903
899
691
532
476
470
214
213
168
132
104
44
964
944
835
822
705
675
623
593
576
554
503
462
432
329
240
141
100
52
841
758
614
543
447
427
287
273
250
231
211
62
16
887
870
823
720
679
579
441
347
308
124
59
734
689
646
635
595
562
520
491
384
357
274
246
177
84
81
79
54
950
934
913
860
850
830
789
697
659
622
617
589
505
464
383
359
323
103
76
26
982
969
952
902
831
791
713
709
648
586
537
451
419
404
349
333
317
253
185
161
939
861
776
664
561
549
431
385
360
356
337
311
260
209
47
904
881
876
813
790
751
627
585
533
407
332
288
251
82
64
935
888
843
807
741
699
568
473
366
354
256
247
242
188
960
942
864
863
856
749
695
681
653
499
467
437
350
275
228
226
197
86
63
5
927
869
739
651
641
297
966
953
941
931
837
624
574
362
339
280
154
129
71
987
980
865
814
615
557
540
429
411
221
193
182
18
985
912
896
894
845
600
594
508
466
445
439
394
376
344
266
172
9
804
761
732
719
619
607
524
485
420
409
401
291
194
170
150
126
78
77
20
994
946
905
897
729
542
536
449
340
32
838
704
683
631
603
408
381
239
998
750
518
497
361
210
200
89
924
747
632
460
335
236
72
60
992
974
891
756
753
724
677
583
327
322
219
208
148
997
715
587
258
159
943
768
742
484
399
212
166
14
914
809
598
566
289
134
69
907
793
755
735
676
670
599
493
328
149
87
792
748
475
243
49
990
834
696
590
523
444
426
403
271
999
706
573
262
178
138
951
647
477
267
27
810
621
99
80
10
1001
525
463
38
852
639
575
413
386
205
873
613
606
452
331
272
269
264
165
41
977
972
968
553
958
955
565
482
414
910
650
517
450
389
853
502
480
195
157
672
102
51
656
625
526
435
324
217
180
970
417
162
658
495
114
880
572
130
686
474
238
58
428
35
892
799
175
855
663
423
730
871
752
544
24
680
206
616
825
442
65
191
690
556
711
