147
617
192
800
745
211
444
736
478
914
621
834
161
90
809
159
626
403
631
625
111
190
719
510
75
875
516
201
195
661
148
56
916
887
524
495
354
125
52
906
765
734
724
653
611
582
426
405
51
789
961
942
897
832
389
892
764
360
245
209
895
802
672
463
457
380
370
319
276
186
63
778
658
472
429
329
120
97
959
816
488
467
393
129
965
888
146
989
874
344
168
154
25
971
779
721
413
313
241
194
107
974
946
689
537
448
288
191
784
589
982
756
735
692
87
759
752
698
673
546
512
336
260
247
65
59
23
896
842
730
714
703
637
595
458
447
155
149
848
776
526
459
150
995
905
817
525
476
430
342
333
315
253
66
795
794
773
485
381
230
202
48
920
918
596
486
466
452
362
950
822
810
686
464
411
239
206
183
151
83
938
903
676
660
477
197
172
162
145
54
14
8
3
980
850
780
704
659
609
603
554
535
453
337
316
61
49
723
681
489
304
255
187
140
32
981
915
862
716
503
482
308
299
223
218
217
207
160
99
17
7
984
960
662
601
553
419
357
320
292
251
199
867
839
740
675
639
544
507
462
420
415
377
348
326
278
240
221
189
179
972
790
718
712
695
455
397
351
263
82
933
870
823
821
792
700
678
576
446
272
252
170
33
11
966
864
796
708
648
643
558
520
519
379
340
271
174
166
104
5
963
956
930
908
889
884
838
814
715
697
657
528
338
222
92
72
69
42
977
936
891
690
650
620
584
574
531
497
471
451
437
425
394
330
213
112
110
98
44
22
962
927
882
722
408
363
335
324
310
285
279
248
141
117
76
58
53
21
998
872
655
638
624
610
604
517
350
349
139
948
939
806
767
741
684
502
474
193
133
73
967
829
590
586
545
484
465
443
328
275
226
204
79
74
55
986
932
926
857
651
565
505
390
383
323
264
176
171
134
856
781
729
665
652
628
599
571
542
306
298
287
249
227
212
210
153
152
731
702
654
409
236
143
109
94
28
979
976
941
907
890
876
866
845
818
774
758
728
693
691
668
492
483
481
402
301
266
244
220
144
105
70
62
747
739
687
630
619
597
369
355
311
178
106
18
985
983
766
713
640
594
559
534
404
365
317
284
280
273
196
132
978
940
868
801
727
615
557
433
412
367
356
262
232
216
157
126
20
975
902
787
751
552
461
428
314
274
235
185
181
128
122
93
68
937
853
852
782
694
632
568
469
156
123
37
990
909
685
647
532
418
371
345
9
935
929
886
799
770
701
674
641
490
441
368
309
289
224
175
118
39
923
922
841
753
688
670
614
334
228
198
108
35
820
772
666
539
424
401
302
297
127
91
10
993
988
925
899
883
847
831
646
627
569
564
551
506
327
31
958
871
743
738
581
511
480
475
347
321
291
277
188
173
78
50
43
41
15
970
951
912
771
677
585
522
518
479
318
307
259
231
214
89
81
27
851
843
824
683
679
663
623
496
473
398
386
374
358
242
952
917
880
803
634
616
605
600
538
523
494
410
387
361
332
303
283
261
84
19
861
849
833
819
705
575
515
414
366
300
296
293
215
205
180
2
994
943
768
671
509
470
450
382
364
200
101
71
879
830
798
761
699
580
561
435
385
373
343
282
270
258
88
45
40
26
992
969
949
898
894
749
746
645
606
562
449
416
400
353
294
947
944
901
828
744
726
664
622
566
442
378
169
138
96
85
30
968
953
837
813
786
445
417
267
208
57
24
955
928
812
807
578
541
498
440
265
243
225
131
121
34
957
910
827
742
733
618
572
536
508
219
46
934
913
885
608
567
434
395
165
163
114
100
80
973
919
863
858
846
826
791
612
533
237
865
785
717
707
656
633
487
234
135
116
945
931
893
836
763
563
556
555
421
406
391
137
878
855
783
777
593
592
547
454
422
312
182
47
1001
877
873
754
504
427
250
177
136
119
64
720
607
550
527
268
254
95
77
67
840
797
709
530
375
290
760
737
588
431
13
4
996
808
130
102
38
36
999
997
987
835
804
706
667
629
549
438
238
203
636
602
583
543
499
493
384
305
246
811
540
460
295
281
124
12
644
642
491
376
167
164
869
711
359
341
805
762
696
548
439
184
142
86
859
372
233
229
115
407
257
954
924
769
573
352
904
521
423
964
921
579
501
775
725
286
911
825
748
732
591
570
392
269
60
6
682
649
388
669
587
560
468
436
1000
815
750
29
860
844
598
346
788
755
331
113
710
322
158
757
529
396
256
854
514
900
680
432
513
500
103
635
881
399
325
339
991
577
613
456
793
