168
304
625
957
668
214
142
601
357
944
901
973
50
816
211
54
29
203
985
914
656
609
297
919
531
861
844
807
367
47
949
917
318
87
413
910
858
555
821
557
118
584
290
174
38
835
700
485
358
270
243
988
970
476
423
263
823
346
337
146
12
989
977
897
872
478
426
330
155
956
908
889
825
776
727
726
701
324
295
240
895
437
292
915
757
607
438
311
209
151
131
403
305
140
900
885
683
565
498
234
217
156
125
77
993
755
522
455
191
110
930
928
804
794
619
503
468
121
60
10
774
650
649
628
583
443
314
301
288
806
772
651
598
398
115
113
99
959
918
688
361
947
935
882
799
335
189
896
845
834
787
328
32
14
963
937
916
780
702
588
433
432
378
302
293
277
222
42
837
746
718
287
276
251
249
198
197
144
108
27
929
855
820
789
739
480
409
401
299
138
92
80
975
967
961
836
750
532
470
283
192
137
939
810
716
629
615
567
561
434
245
221
143
945
890
841
756
562
400
364
177
119
89
950
848
674
529
510
431
377
354
223
195
157
133
902
873
753
728
643
530
445
350
294
199
139
19
16
987
857
666
641
631
396
201
134
48
1001
920
854
831
793
653
538
479
307
303
280
36
948
927
715
667
570
554
308
296
269
258
21
968
946
863
758
751
690
636
616
551
543
506
484
327
166
82
981
886
777
738
731
679
673
669
597
587
566
412
352
202
106
791
736
677
652
590
537
486
419
376
322
255
208
200
162
101
57
978
933
878
865
778
706
698
560
541
515
473
336
282
238
188
107
91
73
45
7
4
995
972
832
817
624
594
471
461
410
379
320
266
257
228
227
185
145
22
9
888
850
684
678
581
462
386
368
312
178
103
53
40
2
998
992
894
891
847
797
729
682
662
571
494
402
273
261
250
167
132
56
838
814
798
792
686
474
414
300
265
242
230
175
165
37
30
26
20
990
983
771
749
672
645
521
499
122
98
924
860
720
663
659
623
540
524
507
490
482
285
224
141
100
842
775
765
685
676
661
626
610
493
465
365
274
210
153
129
104
70
64
999
869
849
811
740
711
675
632
568
501
472
460
453
374
338
281
268
239
179
170
163
114
95
52
43
39
28
15
994
904
818
723
710
695
644
627
572
545
509
488
466
457
418
345
315
86
79
25
833
795
591
580
500
411
373
363
323
289
241
183
83
65
991
984
754
713
693
671
670
638
552
548
449
416
405
399
380
244
212
149
102
51
5
997
986
934
913
745
579
549
513
193
829
536
387
375
339
161
84
760
748
664
639
248
127
116
111
78
34
966
876
864
826
781
696
519
518
481
407
406
237
164
62
44
3
971
879
767
535
511
422
408
291
215
124
88
85
72
969
725
637
595
586
564
553
508
447
428
397
349
342
181
90
46
800
744
741
654
622
573
544
502
355
233
135
96
94
67
33
880
877
856
790
714
712
703
563
497
491
456
389
259
220
93
8
868
851
704
475
390
260
120
893
735
614
556
444
417
271
253
246
186
964
871
737
592
578
487
436
309
160
126
109
899
881
815
808
786
692
681
504
489
483
388
353
187
136
75
66
63
940
875
867
828
824
809
773
621
603
495
459
392
331
247
180
660
655
642
640
596
569
559
533
517
463
452
393
190
980
962
764
329
279
272
123
6
1000
979
976
938
923
611
605
604
602
523
371
204
81
852
801
752
699
633
372
356
343
264
176
173
117
23
960
866
846
840
803
514
467
451
384
74
24
955
926
892
859
853
819
812
759
732
722
707
608
593
512
383
360
326
310
278
159
147
61
41
13
730
691
612
477
458
439
425
421
404
333
306
158
130
721
719
527
526
313
194
953
943
942
922
912
827
813
689
648
525
448
391
235
55
954
761
743
630
446
424
232
18
952
936
805
796
763
600
574
344
148
128
747
697
575
539
464
441
435
347
316
256
76
49
951
665
620
618
184
154
71
884
822
779
617
550
429
420
236
788
762
582
534
334
152
68
887
839
830
785
784
769
440
385
369
182
69
11
996
931
906
905
742
647
542
450
351
340
267
862
783
657
589
576
547
505
415
634
430
394
226
680
516
496
252
205
903
898
332
284
219
965
782
717
546
907
766
105
705
577
982
883
635
558
382
370
275
213
359
150
768
646
606
599
286
196
35
843
442
366
341
262
229
206
171
58
941
925
909
709
469
348
254
216
169
734
708
231
112
770
658
225
207
932
325
321
218
97
454
974
733
613
585
492
427
362
319
298
911
395
172
31
958
921
870
694
874
520
59
724
317
802
687
528
381
