918
127
243
565
278
254
107
620
980
630
895
390
943
319
189
508
936
190
686
629
397
332
84
930
887
759
175
106
996
723
708
626
214
807
539
225
905
596
257
79
757
78
77
974
616
537
317
75
801
795
222
207
131
691
646
251
800
632
603
578
291
72
841
734
685
605
450
425
353
101
462
429
297
218
169
6
966
753
509
680
659
526
215
195
903
594
376
208
90
794
767
576
435
313
312
763
571
533
351
129
119
114
48
20
923
877
829
746
586
564
555
304
915
879
798
513
490
424
296
247
11
7
975
931
899
810
438
434
242
99
40
26
985
786
696
266
219
137
132
102
35
888
862
848
789
442
441
224
159
157
125
952
907
881
873
818
797
370
108
954
868
822
772
609
579
413
392
352
295
922
919
816
787
562
548
542
330
292
228
191
186
174
162
32
981
700
10
836
765
729
647
531
259
253
155
963
819
782
776
658
503
422
420
240
209
141
135
864
832
660
650
518
447
402
320
177
865
716
701
654
459
386
385
302
300
193
95
58
45
910
802
793
681
644
637
476
448
407
387
211
166
164
81
14
9
911
792
639
631
482
453
415
378
355
347
346
326
206
138
92
60
21
942
874
774
754
690
672
655
618
563
504
484
466
418
362
246
964
747
699
698
591
547
541
367
341
270
147
23
960
692
652
640
582
519
492
419
301
237
212
27
783
778
741
719
674
641
607
544
469
412
396
381
343
285
252
232
91
863
693
463
406
384
105
86
38
852
625
592
550
549
310
163
151
949
846
808
796
742
556
525
522
427
421
399
315
283
70
871
843
667
664
575
561
515
496
487
409
293
281
264
248
245
223
160
96
67
42
34
993
984
968
951
912
813
771
755
645
558
545
470
393
213
950
928
921
875
823
744
325
202
113
1000
834
826
790
689
671
610
553
532
530
478
457
342
339
172
161
978
939
861
857
855
812
809
764
732
722
705
694
619
311
236
216
115
111
52
13
4
2
976
972
896
736
595
590
538
327
307
227
139
136
98
87
64
16
8
929
748
731
679
623
540
512
454
331
205
183
150
94
65
53
43
817
803
762
725
601
551
361
357
345
340
187
181
149
148
128
965
937
926
853
844
839
784
770
707
633
560
511
498
475
431
395
368
356
316
238
176
170
85
890
791
733
670
642
574
489
451
449
365
334
294
226
130
31
955
935
916
901
860
824
740
684
588
323
134
124
97
80
983
897
805
750
724
638
613
606
543
456
400
349
276
249
167
144
104
62
55
958
956
944
737
669
485
446
377
338
337
182
842
827
781
775
709
653
521
494
467
465
443
394
375
322
286
267
250
210
71
924
779
697
566
495
432
324
103
59
49
47
12
957
854
788
703
677
662
523
444
426
305
220
199
198
153
5
933
927
913
908
884
869
704
580
568
460
411
269
73
970
925
695
559
517
314
140
51
44
36
25
914
885
811
785
769
715
570
554
507
501
366
221
179
178
173
117
61
39
33
28
973
946
906
676
643
583
552
391
380
371
275
274
273
244
185
68
46
24
833
726
702
678
673
587
502
321
272
230
165
88
982
961
945
837
831
730
688
636
634
614
604
602
461
389
306
298
288
261
19
851
820
761
739
721
711
617
374
282
239
188
83
979
751
710
649
569
534
506
493
471
455
364
271
74
66
3
804
657
529
436
414
336
299
265
258
203
904
856
756
728
714
713
668
520
483
255
168
112
82
962
940
799
510
433
383
354
201
194
180
171
116
15
902
766
481
430
388
287
235
197
29
997
987
934
889
870
720
615
597
577
527
500
472
440
335
917
909
893
866
712
624
612
600
437
57
849
830
581
567
557
464
358
308
277
262
234
17
969
920
584
423
192
89
56
22
932
900
882
814
666
651
363
121
41
682
661
416
63
986
948
835
745
622
573
505
408
369
279
233
76
991
990
845
499
458
231
145
110
947
828
777
773
760
752
727
598
360
289
37
883
858
665
628
572
452
417
328
318
280
196
780
528
372
329
156
50
967
894
768
749
585
486
479
263
204
184
54
850
687
683
359
268
217
126
118
995
994
953
735
648
404
379
284
999
593
480
474
401
133
109
69
872
840
488
428
382
303
200
142
122
878
738
717
656
524
348
992
989
988
977
891
635
627
611
445
439
405
867
825
608
473
123
120
998
941
154
589
535
468
260
100
30
876
847
718
514
497
971
706
675
309
536
290
886
806
663
621
350
398
373
815
758
477
403
859
838
821
546
516
241
599
229
880
491
938
410
158
146
143
152
743
344
93
892
898
256
959
1001
333
