967
993
935
553
362
625
470
924
757
496
601
529
289
52
3
675
282
428
404
869
827
956
573
502
291
813
755
74
651
639
116
532
466
426
161
57
828
778
674
609
607
557
374
41
332
367
691
375
855
821
737
697
539
159
880
517
425
314
226
130
468
242
874
765
685
640
596
632
369
359
295
943
931
817
655
911
823
580
527
422
356
240
141
124
47
797
796
756
627
86
329
179
170
88
60
895
626
376
306
284
283
235
144
98
999
980
954
743
715
598
560
524
500
363
171
542
514
351
340
237
148
981
933
882
272
233
34
863
781
708
605
538
488
477
393
162
70
964
901
833
706
413
343
114
12
985
946
936
912
873
746
712
662
497
22
5
740
460
325
278
992
945
919
762
749
709
638
418
416
387
371
350
318
304
167
112
853
738
669
541
424
120
7
918
774
754
585
403
276
129
89
997
971
913
848
810
739
700
663
617
513
510
354
265
254
217
77
61
883
858
846
735
456
280
271
24
9
759
721
656
593
547
544
474
383
324
277
76
50
37
791
758
710
620
563
509
494
439
327
288
928
850
699
684
654
565
264
205
203
67
49
17
910
837
832
718
714
628
551
479
450
211
119
900
843
777
622
480
414
326
285
218
169
957
952
917
898
808
750
693
644
643
642
616
564
562
457
448
382
349
298
181
139
63
948
875
822
779
182
165
157
126
984
881
826
805
695
228
137
940
889
576
498
469
310
209
131
117
11
803
790
723
713
610
583
545
521
357
315
259
214
198
164
947
809
772
707
657
591
515
487
446
346
335
176
151
43
1001
996
970
856
724
690
646
572
508
405
402
319
267
255
253
231
208
197
168
154
153
56
965
932
871
859
824
783
760
401
311
134
40
26
974
922
920
897
877
854
729
672
590
421
399
196
64
888
819
741
579
473
412
281
243
236
194
107
942
742
604
600
537
379
317
307
303
274
273
249
184
152
773
744
673
485
462
436
300
279
248
207
143
113
33
983
969
949
923
909
866
637
559
491
463
452
430
200
87
29
978
962
930
884
868
807
799
633
603
588
587
575
570
568
390
378
368
360
358
183
28
20
989
976
902
847
730
649
594
584
531
525
489
445
244
210
155
82
55
25
789
748
540
503
454
440
386
341
195
83
53
15
995
907
677
333
204
185
142
32
887
844
720
719
717
680
623
535
516
316
229
100
94
39
972
787
681
647
595
410
286
266
987
886
825
794
711
630
629
554
528
490
395
247
178
78
59
2
990
941
736
660
648
613
536
520
519
444
391
384
158
110
68
986
937
879
776
631
472
438
432
408
372
348
302
232
206
189
180
118
998
842
676
522
481
419
388
370
257
251
250
187
105
915
867
811
798
769
745
727
679
641
619
578
561
550
420
385
347
331
321
269
258
256
252
202
173
103
65
30
975
899
829
766
753
751
733
696
652
650
635
569
458
437
423
344
212
172
128
79
54
14
950
885
865
838
835
801
795
784
770
731
716
694
664
581
507
501
475
464
409
352
270
241
230
121
979
906
786
670
661
602
534
492
394
353
339
328
263
174
149
140
38
36
27
16
963
958
814
812
806
785
732
666
482
459
442
429
411
398
297
201
135
80
42
953
903
894
845
775
728
645
606
499
484
483
261
246
62
892
820
752
495
453
299
260
109
18
938
872
836
815
668
582
552
548
467
465
449
417
380
361
322
275
192
830
659
577
566
373
366
308
163
106
92
968
959
925
904
816
618
558
523
504
389
334
290
186
145
929
686
621
589
567
392
225
221
188
146
123
10
831
771
734
703
665
599
533
518
455
427
407
406
287
136
84
46
44
861
839
726
678
512
377
338
323
95
73
48
13
951
891
793
763
725
493
471
461
365
320
190
166
108
93
66
927
908
782
767
608
597
355
238
156
147
4
966
896
671
611
451
294
101
31
852
849
296
262
239
133
69
624
586
71
914
780
722
705
667
592
511
313
216
160
977
841
788
689
476
330
301
75
8
944
870
792
505
337
234
223
115
23
876
305
227
220
90
51
800
701
549
441
435
433
99
21
988
973
960
768
574
177
102
704
526
415
991
864
682
653
612
530
478
400
342
191
132
81
916
860
546
381
312
138
982
688
506
443
878
764
434
91
45
1000
994
692
292
122
934
747
702
615
97
58
890
215
150
6
840
555
345
857
125
72
893
543
199
35
955
921
431
293
268
905
818
634
614
397
364
104
851
245
175
961
834
804
224
96
939
447
862
761
658
396
222
636
683
309
127
486
336
802
571
687
926
111
85
556
193
213
219
698
