961
722
929
395
829
337
159
407
932
700
591
589
311
986
268
157
709
214
42
827
488
9
818
605
357
843
524
970
837
552
267
861
593
420
193
171
523
520
31
944
745
434
491
305
228
191
155
819
160
898
796
533
423
987
921
282
92
257
145
140
860
769
719
28
992
691
661
400
370
298
288
857
659
658
607
146
890
506
322
181
770
577
515
487
299
296
18
652
471
388
263
8
934
900
853
707
698
630
436
381
358
258
169
69
53
967
904
712
636
509
457
418
361
304
166
851
828
757
704
651
608
568
561
341
103
88
880
856
713
692
427
226
79
789
780
702
694
669
567
468
460
366
302
285
260
252
229
224
78
73
903
895
874
840
733
671
518
364
237
35
958
852
809
761
732
597
326
234
201
77
6
994
938
808
595
556
393
283
219
213
212
148
928
889
838
778
679
587
576
435
383
277
233
194
97
968
863
655
601
483
443
387
340
249
244
235
208
167
132
101
54
830
821
617
222
206
182
91
60
49
902
775
765
763
637
563
538
467
458
426
71
940
554
367
348
291
123
52
873
696
648
614
594
545
525
508
479
397
271
253
211
197
184
139
90
89
764
752
683
535
474
415
411
392
378
321
183
135
39
33
7
925
877
815
735
723
682
670
164
29
833
686
641
625
541
238
232
188
180
178
120
115
30
13
979
866
858
736
662
646
611
571
486
334
276
250
187
136
22
3
947
935
887
865
740
453
335
308
293
225
143
826
774
756
751
710
672
635
583
574
537
463
417
382
375
98
70
25
5
963
955
939
930
885
884
879
783
741
565
503
369
352
338
313
309
279
242
215
203
59
990
977
973
842
521
450
149
137
112
86
27
926
913
792
505
482
408
17
12
1000
923
841
642
618
478
470
445
142
128
119
82
36
956
908
868
825
726
678
663
654
507
498
438
336
289
272
216
189
72
4
998
988
976
959
936
893
854
620
616
425
379
351
246
198
190
104
57
980
950
850
785
777
760
747
526
473
295
134
67
946
725
650
647
627
606
584
553
532
481
294
287
274
266
231
158
66
19
978
954
878
812
811
773
699
674
667
603
592
560
511
432
424
202
131
65
951
907
813
644
634
626
612
610
569
514
494
332
174
172
154
110
16
965
855
814
798
794
580
573
442
359
356
354
300
248
223
209
156
147
83
974
931
899
695
586
504
456
444
403
371
350
199
93
84
63
948
911
875
800
759
721
656
639
588
578
516
310
270
218
125
118
50
43
23
995
734
564
499
492
428
384
280
275
964
901
869
823
772
731
711
619
557
529
490
485
441
414
412
324
281
269
170
109
95
94
969
966
941
891
872
845
797
790
787
693
689
613
599
596
522
465
389
365
344
327
319
314
259
227
177
130
62
924
801
744
666
546
480
459
331
312
217
163
151
113
85
989
985
920
918
897
846
786
604
585
531
517
497
404
339
200
46
806
782
720
633
629
500
469
363
343
278
138
107
996
919
816
802
791
749
742
643
590
328
284
273
75
32
14
737
657
575
549
540
512
510
316
176
953
942
909
817
771
766
746
728
703
688
600
519
410
345
342
333
870
862
849
835
776
680
623
462
413
368
347
106
40
912
805
718
660
572
559
466
437
419
416
391
330
301
261
186
102
38
962
916
915
807
664
440
422
409
373
325
236
165
61
48
47
37
991
945
876
582
562
555
543
452
402
362
210
161
105
87
933
914
859
848
824
795
615
566
550
513
464
254
207
26
1001
905
793
758
750
484
306
153
129
122
44
937
431
386
385
329
323
297
100
2
906
836
768
762
714
708
677
676
624
558
536
493
317
251
56
51
927
886
822
673
609
547
396
390
377
374
264
241
230
221
175
99
80
21
15
11
983
922
430
405
394
162
144
74
839
727
598
544
539
527
501
495
472
243
205
179
150
126
114
76
957
917
847
832
724
685
665
542
448
349
292
108
871
687
621
41
975
960
943
883
668
638
534
455
320
315
844
810
717
715
706
697
622
173
896
803
788
755
628
548
399
307
255
204
997
784
779
743
429
34
949
477
439
376
738
632
360
346
117
993
952
834
754
681
461
451
380
55
882
701
675
528
355
262
141
881
864
602
449
185
716
579
454
133
121
910
640
530
286
196
64
971
892
888
684
433
265
729
690
649
645
551
318
290
68
981
820
496
256
127
124
753
421
372
240
195
96
894
781
406
867
804
116
45
972
489
447
353
748
475
446
984
831
730
653
581
502
220
168
152
24
999
631
401
111
476
303
247
239
58
767
245
398
192
799
570
739
705
81
982
10
