676
548
550
887
905
234
255
639
304
880
402
19
390
74
795
894
881
286
128
509
417
129
46
360
660
273
271
963
701
374
118
903
827
594
357
70
757
673
312
713
327
314
929
794
773
573
254
65
983
532
739
722
758
407
56
987
886
683
750
650
857
726
415
148
828
510
264
97
994
876
714
404
305
190
90
36
986
850
800
744
717
658
623
480
366
358
755
601
249
198
935
812
747
529
258
183
829
688
618
569
319
259
926
363
209
180
2
689
628
499
444
400
306
108
948
921
697
664
505
503
111
52
693
690
636
484
463
449
318
263
185
844
731
460
446
311
285
278
224
165
85
78
936
754
736
574
448
379
344
213
168
130
54
978
911
811
776
411
381
299
173
99
91
15
992
834
765
452
430
428
353
149
16
971
901
892
879
694
675
607
597
487
464
420
392
347
281
260
222
182
176
131
107
10
977
959
899
691
571
563
477
387
365
267
220
102
932
927
707
625
356
325
323
295
239
217
216
147
28
946
873
648
470
467
397
261
105
958
852
833
799
641
622
566
554
414
309
230
94
76
985
974
969
967
837
774
703
614
610
538
445
382
219
55
29
869
825
779
778
777
727
680
609
592
513
331
321
272
229
218
120
11
854
842
808
803
585
536
276
137
119
8
997
950
867
789
784
741
740
495
434
354
300
265
150
125
114
20
995
919
813
763
685
672
537
519
451
443
426
362
339
226
210
208
153
144
139
132
32
25
934
916
770
698
659
657
621
324
269
245
170
103
912
836
749
662
627
612
611
521
471
461
371
191
112
93
889
855
806
656
608
436
337
179
138
116
95
841
826
751
728
668
493
479
333
320
250
164
136
122
62
965
947
944
835
801
759
686
568
496
352
282
279
248
223
206
143
50
856
847
791
771
709
599
582
555
552
376
349
303
287
152
140
31
956
940
939
914
861
824
809
738
719
631
591
580
549
502
383
270
156
113
92
88
60
30
1001
990
896
877
768
730
642
613
602
403
284
275
266
212
166
962
764
743
720
716
679
674
617
565
475
440
435
424
395
368
343
341
308
135
72
6
973
942
906
866
840
805
786
696
586
416
393
388
361
345
322
298
177
86
71
63
930
885
859
849
819
780
678
630
535
316
289
262
193
127
126
943
907
904
895
863
845
817
718
710
517
315
292
937
615
593
524
512
355
326
252
241
221
205
100
49
993
961
797
762
733
647
624
553
545
514
504
497
488
458
456
370
350
162
84
27
981
924
915
875
871
745
588
577
507
438
409
401
396
67
37
17
13
972
960
949
925
917
766
742
653
646
616
595
522
405
228
181
51
908
853
540
528
433
398
338
335
297
238
233
160
117
106
53
41
953
756
677
671
520
518
506
450
351
317
235
192
98
81
75
24
14
999
980
913
882
862
843
798
705
699
667
570
539
527
501
422
373
247
232
207
203
146
23
864
712
643
590
572
559
491
437
406
340
227
155
64
35
822
821
785
619
560
412
277
268
201
34
33
941
931
816
802
439
418
389
274
158
82
868
807
752
737
715
633
598
578
576
511
468
432
385
372
296
178
175
123
80
73
59
922
831
725
652
649
562
380
301
283
257
204
197
839
760
526
346
313
157
133
115
42
40
12
996
975
957
952
945
893
655
556
523
483
423
375
237
200
865
814
651
515
498
473
453
377
189
151
141
124
18
910
902
832
604
457
154
87
66
22
900
848
820
769
684
500
413
348
336
310
215
171
163
47
1000
989
976
951
695
640
606
583
525
508
489
465
421
419
410
307
280
253
251
246
172
767
761
632
567
561
516
291
236
69
26
918
898
708
681
644
637
564
478
399
364
342
68
851
804
732
711
663
603
61
968
692
661
542
533
290
244
199
186
145
5
830
687
669
454
369
256
202
159
77
48
920
793
724
645
558
494
492
466
384
142
104
44
9
878
810
666
629
490
485
469
441
329
240
109
998
988
979
970
923
735
635
214
89
79
888
838
581
547
169
984
982
815
723
620
530
447
394
332
288
231
782
702
654
579
242
43
7
966
874
790
788
729
665
634
605
534
455
294
101
783
748
225
134
4
781
543
391
57
704
482
459
442
408
188
21
846
818
787
746
551
330
184
110
964
955
429
194
45
638
584
486
425
196
187
174
700
589
474
359
991
872
796
682
211
161
884
302
83
58
897
753
531
481
476
823
792
541
462
121
775
954
557
243
734
626
38
928
860
721
195
39
596
427
167
870
472
367
909
670
293
96
328
933
386
378
587
334
575
891
858
883
772
706
544
431
938
600
546
890
