516
311
203
283
47
653
986
784
953
434
607
285
106
483
419
257
963
757
678
708
427
350
152
804
772
674
631
549
241
998
606
545
447
185
190
955
541
83
37
6
847
736
822
820
704
659
597
464
270
113
69
905
876
746
555
418
81
759
679
264
77
15
797
353
104
700
498
396
378
977
585
330
317
90
56
926
830
711
608
550
436
92
403
87
54
930
622
335
325
730
417
404
204
172
913
825
453
346
918
584
571
388
303
57
27
24
929
812
778
717
625
374
224
217
984
970
846
749
181
140
875
748
732
633
505
296
222
202
96
894
691
668
294
287
253
154
70
852
835
811
673
664
589
554
435
429
247
107
832
817
725
665
600
599
533
461
391
305
214
139
86
46
947
933
914
575
512
510
356
268
260
230
127
7
818
750
644
643
452
405
319
314
64
911
885
839
780
705
573
348
193
150
983
837
808
688
284
63
867
857
795
630
623
526
511
360
289
234
159
85
73
43
936
863
471
158
886
745
581
459
441
369
293
265
111
94
59
713
556
470
339
879
871
482
242
225
207
138
922
895
768
766
755
685
586
400
375
304
187
821
819
810
800
726
513
500
468
341
331
195
146
109
103
76
33
18
17
951
840
690
626
582
553
551
489
481
467
261
213
191
142
110
814
773
715
576
524
515
485
386
373
295
221
118
91
53
988
945
919
873
723
672
618
613
548
542
531
444
430
421
364
349
320
36
978
950
848
785
752
739
716
683
557
460
358
321
302
252
173
116
114
99
41
959
923
912
754
712
604
514
494
402
333
271
267
51
29
16
932
807
806
707
654
535
433
377
309
281
245
175
151
60
994
946
938
834
803
661
614
610
564
558
508
928
901
823
761
731
680
667
615
565
409
372
299
133
123
58
23
1000
989
909
907
904
872
831
793
790
787
733
612
572
486
376
210
200
38
892
882
878
849
824
783
490
169
88
40
995
677
638
569
292
211
132
119
981
980
937
706
686
657
656
588
501
412
343
310
291
188
992
893
890
856
854
826
771
627
493
478
455
439
416
379
361
255
197
889
747
719
684
560
539
527
507
454
408
383
313
282
223
165
120
13
4
931
845
842
827
763
734
695
635
596
520
443
322
290
174
8
956
887
865
853
779
744
743
699
413
390
385
326
239
189
134
117
115
95
34
996
906
758
676
648
642
640
563
491
484
437
426
357
315
306
249
208
199
168
167
148
136
79
74
35
965
776
769
697
666
617
368
272
52
42
943
903
866
841
815
781
751
729
710
709
646
605
559
525
394
351
266
244
228
128
98
55
25
844
777
737
675
639
629
495
442
431
323
201
194
126
12
967
775
650
624
590
451
393
275
186
105
82
71
62
962
869
868
738
669
547
487
381
238
216
170
160
72
65
48
45
883
880
788
681
647
562
534
476
466
456
428
407
384
371
212
192
153
84
870
794
687
578
316
141
50
10
791
718
649
595
530
522
457
410
286
226
219
108
75
31
999
861
658
540
496
440
414
248
229
991
974
829
636
634
616
523
504
479
327
273
237
196
166
68
66
958
948
939
916
908
900
888
851
838
767
760
432
355
337
277
262
206
179
156
125
976
969
942
941
920
917
864
836
735
714
660
620
602
497
488
477
458
448
406
387
382
365
344
307
274
263
246
235
164
101
935
915
859
722
593
480
473
278
233
80
67
993
786
693
594
519
517
399
298
231
184
177
155
944
934
884
577
566
544
424
422
354
336
100
30
979
957
899
765
692
662
628
537
499
342
340
220
162
149
122
44
5
591
568
503
347
324
297
215
178
171
2
985
982
742
645
370
22
14
720
592
579
567
529
475
420
352
269
205
182
20
972
952
949
898
874
756
724
601
583
425
423
397
332
130
89
809
641
603
598
469
359
338
279
232
61
966
753
696
671
543
532
518
362
318
161
102
964
940
843
799
741
740
701
694
401
395
183
147
26
990
968
796
774
670
463
301
227
792
727
698
587
561
528
392
157
762
637
611
137
987
971
770
721
619
462
446
312
254
240
49
11
910
902
521
506
334
276
259
251
93
19
9
862
801
798
580
546
411
398
300
243
176
124
121
877
574
250
782
702
143
131
925
682
652
328
198
3
924
860
308
896
805
703
538
536
450
380
288
280
145
997
954
927
833
632
236
163
813
802
474
366
258
180
39
960
891
465
855
663
621
502
363
218
973
858
921
975
961
897
881
449
112
850
828
256
97
728
472
438
509
345
816
445
389
789
764
329
1001
552
144
129
492
651
367
78
28
415
209
135
609
655
570
32
689
