256
191
772
215
193
338
262
236
991
341
771
667
978
455
319
22
822
50
718
687
429
976
532
424
39
334
752
557
337
308
564
555
294
112
855
776
529
179
37
714
584
317
29
807
203
160
922
840
805
682
477
443
181
128
958
812
767
440
321
43
662
655
583
574
89
884
743
460
348
242
72
67
907
874
736
624
586
382
71
913
561
346
302
146
111
1000
788
696
633
15
895
628
172
119
27
14
999
947
726
694
512
472
408
354
291
245
238
169
45
41
953
949
846
832
444
251
250
825
782
704
666
296
240
217
138
91
2
161
148
144
81
939
882
871
809
727
588
587
313
260
977
883
873
847
803
419
379
362
274
166
732
420
386
295
248
94
6
904
729
640
614
520
509
494
452
351
174
162
139
46
44
844
824
801
747
669
664
656
398
336
188
173
163
109
77
829
775
519
489
439
423
394
350
253
204
122
75
64
862
828
721
573
544
540
462
422
372
352
134
92
42
912
712
689
670
611
364
301
196
5
850
591
464
434
360
282
224
120
26
23
960
826
818
791
756
605
569
437
417
406
290
288
287
821
783
705
680
567
496
392
368
329
131
85
975
923
858
781
774
660
486
425
307
235
228
962
921
916
915
892
800
778
717
702
657
578
576
570
414
412
311
233
201
902
817
751
710
638
635
481
327
261
231
226
212
101
684
630
603
503
381
363
331
239
234
230
165
97
961
917
827
763
735
708
703
671
620
612
508
504
491
387
344
964
926
870
683
589
577
378
289
268
48
47
17
993
989
969
931
746
730
724
533
484
410
403
340
140
129
70
51
929
679
546
516
490
413
326
285
157
118
114
909
903
898
790
713
693
652
457
330
219
185
98
948
937
927
911
885
869
739
698
366
355
293
272
229
222
206
195
959
796
644
634
595
562
542
537
523
493
400
365
275
244
93
55
997
928
865
857
700
697
617
554
278
106
59
20
881
877
649
571
543
518
476
471
470
339
249
137
108
823
806
779
678
498
482
475
473
453
241
135
133
121
65
60
18
972
910
880
866
742
733
728
709
681
618
582
393
304
284
271
198
149
84
79
887
860
820
528
510
454
373
299
209
176
147
107
21
984
946
942
941
899
768
758
690
646
531
430
361
353
267
158
132
986
878
833
814
777
770
764
744
699
658
654
622
565
507
474
442
383
310
247
218
171
126
125
115
992
854
813
600
463
342
74
956
867
748
639
579
515
513
468
436
395
377
323
269
258
178
159
28
996
966
919
905
896
665
492
466
305
283
276
56
950
924
914
838
651
221
13
988
983
970
951
856
797
787
685
643
601
572
458
263
214
208
167
130
66
54
965
609
580
549
459
325
183
150
78
1001
938
876
754
723
626
613
538
525
449
445
384
349
322
227
177
68
31
987
971
963
868
849
835
798
795
581
500
441
435
232
180
143
99
61
58
998
891
841
802
762
749
534
522
506
371
314
257
145
57
980
901
861
839
760
740
737
720
701
593
205
124
894
864
653
627
499
427
418
389
328
315
192
24
933
900
851
789
731
706
511
485
433
374
335
324
254
189
73
12
10
957
872
834
766
734
691
594
551
514
376
298
255
211
90
36
811
804
769
759
719
675
409
356
170
156
117
95
33
968
837
755
753
521
478
450
447
426
388
370
320
266
136
955
875
785
780
738
621
385
277
216
11
994
610
563
559
479
428
259
213
187
186
38
944
722
716
673
663
592
568
526
524
480
415
297
182
53
952
906
831
695
606
590
558
421
407
404
306
184
154
152
63
954
757
715
623
619
597
575
566
469
369
358
343
300
974
786
636
616
599
552
545
246
105
32
19
981
932
674
541
502
446
411
116
88
76
936
836
793
725
692
642
585
488
357
292
110
25
8
935
908
888
852
810
761
615
347
265
175
127
123
96
52
985
943
650
536
197
164
35
707
625
535
316
279
83
918
890
845
750
604
553
517
448
380
200
190
102
87
86
16
930
889
773
527
312
151
103
49
40
688
661
637
602
497
456
286
859
711
598
560
550
501
431
396
207
967
920
676
303
3
886
830
608
281
979
808
548
318
210
168
82
853
607
401
113
982
467
399
273
155
142
819
784
659
539
495
202
100
69
995
816
677
672
465
237
153
843
794
792
641
487
432
264
223
945
893
483
62
799
745
631
367
863
596
416
402
104
505
359
225
897
375
220
940
848
30
7
815
765
461
345
141
648
879
990
741
632
270
252
333
199
686
438
925
645
332
9
934
390
34
280
556
530
397
629
243
391
194
80
547
668
647
405
973
451
309
842
