789
236
778
376
349
715
885
169
88
64
809
109
989
909
226
707
498
495
363
206
179
912
354
229
41
959
513
923
728
197
835
588
655
477
394
487
138
724
627
491
444
669
247
223
175
808
788
653
610
128
70
928
799
711
577
221
194
96
973
751
46
963
619
546
480
291
201
650
644
470
927
915
743
726
698
589
373
972
742
604
553
492
172
843
608
386
176
117
47
30
983
756
660
594
476
102
87
859
657
395
341
323
120
91
77
73
13
943
736
696
599
458
365
190
145
66
760
741
591
503
268
203
160
906
791
685
456
148
62
19
8
869
851
784
683
436
156
45
39
864
846
827
677
421
191
144
940
861
792
745
694
673
474
440
335
217
209
124
78
42
920
883
628
590
533
445
407
399
361
162
980
686
675
629
617
311
309
230
111
996
775
642
466
461
449
384
298
275
250
208
167
140
935
924
814
633
581
526
321
245
72
52
40
4
793
634
522
439
417
340
339
200
112
108
104
947
930
811
770
731
651
413
383
374
360
295
49
11
919
876
665
601
543
489
428
327
257
231
158
884
609
549
469
429
414
312
151
998
897
877
874
837
805
762
712
681
612
595
556
531
330
263
129
98
35
22
964
934
587
567
511
502
500
496
302
239
232
163
147
990
749
708
691
616
614
596
518
508
486
427
382
273
177
155
136
93
79
16
971
900
825
819
807
782
767
761
593
561
435
412
260
171
116
995
951
942
796
787
521
509
504
478
457
448
437
423
405
371
246
237
86
986
901
882
852
776
773
732
515
438
409
408
377
355
299
258
97
20
904
894
815
763
750
730
569
559
538
419
391
322
306
301
280
184
152
119
63
57
933
839
727
706
603
472
459
411
352
324
127
76
1001
952
841
723
606
494
292
290
198
139
944
828
704
576
547
442
285
269
143
80
65
985
974
961
826
818
638
563
542
519
451
425
410
350
332
181
84
916
913
888
812
806
798
697
607
566
541
501
390
385
310
265
12
968
936
931
873
758
695
506
452
443
276
196
90
54
24
962
921
914
780
705
343
282
150
115
107
993
992
941
880
768
714
690
689
682
672
586
479
380
192
149
132
89
44
38
27
25
9
939
870
820
810
794
744
719
666
654
597
550
434
392
381
347
224
189
159
134
92
50
17
977
966
910
893
866
734
618
611
572
548
514
450
447
375
334
314
303
288
199
137
122
75
71
56
911
892
879
801
701
663
641
630
568
524
516
505
462
415
252
234
180
170
58
23
970
938
891
842
816
647
555
430
342
266
164
51
958
875
867
823
821
667
580
422
368
367
359
336
243
233
178
125
37
7
960
832
668
662
605
585
571
283
204
860
764
687
684
659
621
575
453
293
289
238
216
205
183
103
67
854
710
709
693
481
465
379
333
249
74
978
956
865
830
783
573
565
527
432
270
146
60
34
18
10
2
979
847
802
774
753
733
646
558
545
530
418
364
317
286
271
259
186
31
855
853
757
664
554
378
308
297
262
222
53
43
33
28
946
845
803
797
718
584
536
520
402
214
142
987
981
862
622
454
337
272
254
188
157
967
899
896
840
771
671
652
645
637
583
523
463
294
284
261
235
212
174
168
154
110
29
868
795
769
700
674
658
625
544
529
460
372
348
329
326
279
193
182
676
600
574
525
426
320
274
228
220
219
850
785
739
721
579
578
560
512
510
331
173
121
106
15
1000
969
907
856
836
703
661
635
624
532
517
397
388
351
185
887
632
242
218
21
988
984
917
755
713
640
400
387
82
822
804
747
592
482
475
356
346
165
994
976
957
953
829
817
813
735
692
626
564
483
353
244
55
948
720
639
557
490
464
424
264
95
69
991
945
729
688
613
499
455
319
318
305
287
267
227
210
153
3
999
878
848
759
702
338
316
281
248
241
85
982
786
648
643
488
404
315
304
213
81
32
908
824
779
740
737
679
598
507
369
277
135
123
61
881
863
582
467
357
997
937
926
886
678
540
401
131
126
83
858
834
537
493
370
211
929
833
800
772
722
656
539
535
141
26
872
831
765
649
636
389
187
857
752
716
570
485
225
905
902
725
620
602
307
251
14
955
849
838
398
195
133
754
471
406
393
362
844
777
680
528
468
433
420
256
903
781
766
416
344
68
889
473
358
325
240
118
59
918
534
161
101
954
738
895
746
552
105
699
631
615
215
48
255
130
717
300
296
94
898
790
551
328
253
36
623
446
949
922
202
114
345
950
484
278
6
925
890
562
313
670
403
932
871
431
396
965
207
113
497
99
166
441
748
100
975
366
