483
192
745
307
646
555
330
719
762
407
704
528
972
776
299
60
199
121
815
447
303
187
565
708
930
487
21
931
829
766
549
544
507
431
374
245
781
261
62
516
436
854
645
635
520
493
484
400
371
226
210
171
146
957
733
655
594
379
213
849
278
258
49
18
682
601
486
481
476
145
79
978
939
926
619
527
453
195
118
113
918
858
827
755
649
611
292
259
200
196
935
804
664
435
392
150
989
983
899
754
703
530
523
389
298
129
31
911
835
726
482
254
134
47
917
676
556
537
514
418
394
785
747
699
663
625
311
120
96
88
803
768
693
670
648
306
273
185
54
29
914
800
731
424
326
260
238
99
883
771
569
964
868
633
398
383
366
335
111
7
4
991
973
636
612
599
478
350
38
36
924
732
501
473
313
310
285
282
225
126
116
114
80
45
26
23
20
938
912
881
872
775
545
479
90
934
885
871
850
807
748
591
475
377
241
173
165
91
995
896
606
595
466
246
177
867
782
764
541
540
408
401
385
193
92
998
786
653
643
600
574
551
399
349
342
286
139
913
833
820
784
783
686
651
386
325
297
115
73
53
12
967
876
847
841
470
448
439
425
81
70
997
963
821
737
654
579
547
515
224
845
637
444
403
397
322
287
158
104
927
752
727
721
666
607
573
495
324
262
203
175
117
909
894
846
840
831
652
344
327
220
208
191
119
57
46
956
908
869
814
773
608
468
329
312
265
236
230
159
83
15
893
735
650
640
552
543
536
519
410
380
319
271
253
184
122
8
812
795
720
687
659
575
485
420
412
352
309
308
296
291
281
264
100
97
969
813
572
426
317
290
288
22
789
631
621
615
592
411
372
269
256
232
77
923
903
788
730
714
713
690
681
672
590
582
461
437
416
320
276
274
244
228
148
27
944
861
792
679
593
570
568
367
363
356
346
247
243
78
11
984
970
968
925
919
904
897
808
774
763
626
604
602
583
553
534
531
465
449
443
345
304
211
161
86
962
915
878
862
744
739
554
513
490
289
221
216
182
156
42
37
966
961
952
864
746
736
712
662
614
255
155
105
75
9
3
981
900
892
888
887
819
780
760
560
474
413
395
378
338
316
194
109
28
990
960
749
696
685
665
339
214
190
164
87
64
55
986
971
921
844
778
772
711
702
623
576
472
434
355
242
169
138
107
95
72
996
866
816
750
709
661
571
499
489
423
421
328
154
153
108
932
859
779
759
717
683
667
539
440
300
270
125
43
33
951
949
905
895
880
856
616
596
518
517
430
393
370
362
357
315
266
263
197
101
84
965
603
557
498
438
390
368
347
323
218
217
209
41
993
988
985
977
758
688
638
562
509
477
458
376
227
219
174
987
928
882
875
857
839
811
810
757
715
680
669
581
550
546
529
524
510
500
496
396
373
215
205
178
160
157
133
69
67
34
13
953
945
890
837
765
647
618
558
504
249
237
212
999
886
823
809
806
705
587
454
381
358
343
293
252
239
229
151
94
936
907
906
877
723
718
691
585
333
204
933
865
794
632
341
331
277
248
222
206
124
1000
979
796
787
620
542
456
402
384
294
267
235
172
128
102
51
761
566
480
460
414
272
268
189
143
65
992
874
832
790
753
695
692
610
508
405
364
340
93
71
879
843
770
597
526
446
433
429
321
176
163
123
106
48
17
10
946
922
613
584
494
463
457
130
82
32
929
852
830
828
738
716
700
674
567
511
422
409
359
336
240
180
131
76
39
30
756
710
660
627
605
497
492
467
361
186
137
112
110
74
14
870
855
769
589
561
469
459
354
302
188
85
2
994
836
797
734
634
564
532
388
251
168
958
955
954
822
801
701
697
629
505
295
234
223
207
920
826
817
728
522
506
488
445
318
301
250
68
63
44
950
937
916
848
767
673
588
441
348
202
873
793
791
725
724
451
334
284
257
66
25
860
825
639
630
432
360
40
959
842
818
677
671
642
548
375
351
305
181
167
152
136
838
678
675
578
415
975
902
538
533
521
452
404
314
275
947
851
799
622
535
464
462
337
201
170
141
50
1001
942
742
644
144
132
798
741
698
684
617
729
586
559
491
166
901
706
658
127
58
976
891
563
525
455
283
89
56
980
948
580
512
442
369
135
103
941
805
751
450
140
98
853
824
656
598
974
943
898
834
231
149
940
743
624
471
427
198
19
179
689
668
24
16
777
577
61
628
406
365
889
641
279
35
657
502
183
982
419
391
280
162
609
59
910
863
382
353
332
147
428
417
5
884
740
503
142
707
694
802
722
52
387
233
