405
27
121
818
113
942
674
665
656
480
309
972
494
575
348
576
218
48
437
852
708
564
559
553
808
87
823
491
410
139
853
777
647
642
571
261
830
622
596
130
101
44
844
800
632
936
883
650
305
822
772
757
641
966
755
712
457
327
63
798
776
700
561
540
432
269
195
768
710
478
379
304
212
152
948
782
707
546
374
858
677
489
416
344
288
246
200
869
833
704
159
30
975
791
455
365
110
804
535
513
293
243
957
668
508
350
315
301
651
383
60
52
45
18
995
973
682
648
624
600
585
467
399
174
14
955
770
741
706
607
603
398
329
949
893
774
724
653
634
330
266
208
190
184
935
934
851
737
503
411
358
302
189
182
138
21
6
925
847
805
790
693
471
425
393
384
294
25
19
860
698
592
495
67
11
952
917
904
863
788
691
552
476
463
448
376
283
914
862
810
767
705
415
373
308
256
171
115
94
85
77
69
43
28
845
781
762
696
688
618
569
543
532
387
186
168
166
153
930
915
857
812
809
784
780
573
498
436
331
203
126
985
918
709
652
640
477
380
371
16
971
900
794
721
588
567
346
313
281
268
239
205
61
41
994
979
953
943
905
898
645
644
537
465
292
274
987
965
963
867
835
760
748
732
544
279
20
951
866
856
813
765
594
563
486
361
340
214
148
137
86
8
783
699
579
547
485
438
409
392
347
325
216
58
15
946
941
881
872
514
443
418
155
64
46
838
785
778
664
47
17
961
890
877
817
766
754
649
637
583
481
403
328
280
140
128
81
68
997
888
747
745
702
684
657
629
566
560
549
524
507
453
310
299
272
97
49
992
959
841
661
646
613
612
590
586
530
444
407
226
213
75
71
9
855
773
686
663
633
459
433
372
311
233
206
13
12
960
836
690
584
558
499
458
402
334
267
219
177
79
74
911
870
821
799
764
715
694
678
631
619
550
341
264
224
163
88
982
977
931
922
891
840
803
786
703
689
635
556
519
518
439
400
353
196
185
181
161
144
112
84
35
964
924
892
807
687
659
581
490
454
338
312
270
157
120
78
988
919
829
796
582
397
333
332
320
314
255
204
172
149
129
98
929
759
701
230
165
147
143
117
109
39
26
910
864
826
793
763
660
610
533
523
452
419
286
220
154
93
70
51
954
939
882
875
861
850
819
739
720
593
591
589
539
512
396
377
352
297
295
265
236
225
194
150
135
125
996
662
605
551
406
345
306
249
119
82
62
56
29
981
978
932
928
927
608
587
541
528
474
385
258
59
938
832
751
616
595
517
449
428
164
5
868
820
792
679
609
401
367
323
296
262
188
151
146
73
50
970
909
899
736
714
685
681
670
497
488
450
430
375
322
317
298
950
937
908
859
825
795
435
390
343
337
229
221
215
114
83
1001
815
802
718
695
604
602
534
461
145
944
779
738
717
565
557
510
462
446
431
414
413
335
285
277
254
242
202
969
775
734
620
599
522
506
426
273
263
257
104
32
24
933
889
865
752
654
639
529
368
289
179
173
116
107
72
945
923
894
756
713
572
548
493
427
391
290
271
231
227
192
162
38
22
980
761
516
515
496
468
395
248
876
746
643
611
538
504
484
421
351
349
284
197
167
36
986
884
814
727
666
501
440
422
363
291
238
223
175
106
96
990
984
728
601
574
525
521
423
388
276
253
228
210
31
879
878
811
615
502
464
386
360
247
123
80
65
912
907
906
873
733
636
562
542
404
389
199
198
191
66
962
871
769
726
673
597
554
527
500
473
460
381
369
260
222
217
156
42
993
976
974
968
902
854
787
672
628
555
545
483
470
456
417
364
105
102
55
921
916
849
848
828
789
623
617
578
434
424
366
324
282
245
141
103
92
1000
998
842
797
742
723
614
319
307
244
132
89
999
806
719
669
429
420
133
118
967
920
896
758
753
531
492
136
843
680
621
472
412
354
300
240
232
180
176
34
903
831
627
466
357
235
108
54
801
625
577
511
441
356
278
207
170
2
991
846
771
237
90
926
886
824
675
487
209
100
23
897
638
509
447
287
251
3
630
469
99
91
76
880
735
725
394
382
259
901
885
667
475
378
316
127
989
837
834
445
339
731
570
505
336
895
827
370
342
303
958
940
887
740
683
234
95
676
536
187
158
142
743
598
408
359
37
692
275
250
355
252
169
160
40
983
451
362
211
913
839
744
711
729
606
479
716
568
4
874
749
520
697
580
526
178
111
671
318
956
947
482
326
124
53
655
722
442
241
193
122
658
750
10
730
131
626
816
183
201
134
321
57
33
