416
739
150
292
41
843
58
874
456
220
812
786
732
998
735
889
315
212
482
369
138
76
791
137
860
593
503
441
671
643
399
130
963
719
590
517
267
937
759
495
296
559
506
479
139
71
324
217
195
124
873
251
199
145
997
859
698
422
264
117
972
618
452
361
261
257
249
916
901
764
169
126
103
39
817
545
445
129
928
468
107
960
840
749
250
237
198
57
577
526
475
352
133
20
826
816
774
364
119
75
22
657
550
321
135
977
750
556
384
55
5
986
608
453
396
326
325
178
94
920
775
166
161
9
955
935
927
851
799
782
740
727
706
673
603
432
134
67
818
758
728
682
613
596
594
552
548
443
391
382
322
792
598
581
565
262
233
188
160
53
1001
982
644
601
595
531
491
425
405
387
375
271
184
16
980
944
924
778
632
589
576
549
512
500
383
201
194
123
61
60
15
992
876
790
734
584
320
246
191
868
819
722
633
502
446
355
295
277
254
45
12
899
836
796
793
729
646
637
463
451
370
350
314
231
187
164
29
940
862
849
821
807
622
171
23
983
917
897
832
781
766
635
626
532
493
450
427
419
128
31
981
900
800
784
752
737
717
631
381
354
229
206
205
202
69
7
995
984
902
898
856
610
582
542
400
393
379
280
244
186
108
54
3
954
947
913
857
801
777
726
694
535
505
395
358
299
232
203
151
968
925
894
837
753
733
688
681
638
624
586
509
458
418
404
303
210
153
132
999
915
871
865
795
699
619
528
527
366
336
291
270
180
125
28
6
942
922
895
847
797
763
653
574
520
484
448
110
89
32
930
879
674
639
592
513
462
331
316
252
240
175
111
100
88
959
936
891
841
762
742
672
376
342
190
185
167
148
98
93
948
908
838
824
701
659
591
511
507
487
438
412
359
347
309
216
159
116
1000
988
923
845
788
693
660
558
514
486
351
318
253
155
136
882
798
743
715
666
656
575
480
454
435
431
329
170
113
43
973
815
692
650
642
551
533
489
476
466
439
430
345
344
332
327
283
81
64
62
884
789
783
684
570
557
415
398
377
269
189
165
156
96
73
65
18
11
993
979
974
966
736
648
612
611
571
304
219
152
90
86
978
875
822
760
745
669
667
529
312
278
182
141
99
21
10
975
665
602
562
522
455
362
301
276
274
266
192
105
87
36
35
971
964
932
914
861
780
702
621
607
587
573
546
540
429
420
367
285
268
234
230
48
47
976
951
893
829
703
691
616
605
553
537
437
417
371
227
226
149
70
46
887
794
496
464
408
341
337
302
297
289
241
238
131
996
990
969
877
858
756
708
696
525
389
317
208
200
196
68
14
933
888
828
770
747
658
617
609
442
440
411
409
343
338
300
293
245
222
193
157
26
863
842
805
755
730
662
564
543
307
288
228
104
66
962
929
926
839
835
810
809
744
741
738
721
697
686
560
515
459
401
348
311
265
258
247
163
147
34
17
906
768
751
583
523
492
481
885
855
761
679
474
472
356
236
97
78
37
952
945
689
668
649
640
606
600
530
518
508
467
255
174
142
122
27
24
825
811
748
654
597
588
566
539
501
434
413
392
390
368
209
183
173
120
957
909
883
846
713
536
471
328
144
82
38
934
878
806
785
776
731
716
414
378
308
279
127
121
106
77
13
953
881
787
771
724
714
652
647
604
555
340
334
74
56
870
869
848
820
769
683
651
578
310
248
215
95
83
931
910
834
808
677
676
661
634
620
504
423
339
305
298
284
263
154
84
958
773
720
705
490
460
433
385
239
109
91
85
949
946
943
941
831
827
521
428
397
365
353
286
214
181
172
140
965
757
700
687
664
630
629
436
363
118
80
991
985
961
904
712
627
614
599
470
461
319
168
892
833
568
547
313
223
207
114
645
499
465
102
830
823
772
675
469
335
256
49
4
994
919
918
896
864
754
718
709
636
483
444
330
213
25
939
911
678
623
615
485
473
224
218
72
59
30
2
912
905
890
710
695
628
478
421
333
294
275
197
19
987
853
704
554
373
372
52
42
40
989
813
494
447
388
349
211
177
950
850
804
663
641
561
33
903
572
519
426
406
402
44
844
579
544
386
374
242
92
866
457
407
204
63
51
956
921
346
690
563
534
497
403
176
50
938
907
725
655
488
410
259
235
711
680
541
360
272
243
225
854
779
767
146
872
802
585
477
158
112
516
260
765
746
723
670
569
357
886
524
498
281
970
803
221
967
880
273
567
282
162
101
79
852
580
424
323
179
290
707
306
115
685
287
814
449
510
867
143
625
394
538
380
