614
972
724
119
889
656
50
45
337
109
903
893
710
542
844
675
242
143
67
967
497
267
839
205
88
349
992
370
335
203
20
451
198
727
707
796
328
822
760
411
293
827
643
509
427
376
164
592
487
485
858
797
448
288
901
392
289
245
173
135
842
307
526
431
65
650
523
345
663
651
331
107
925
775
718
682
661
848
764
759
684
363
791
734
645
624
470
939
482
372
247
829
786
671
536
463
75
587
422
106
41
12
816
746
612
538
519
237
963
732
639
460
446
385
225
34
973
943
902
876
874
749
613
320
153
74
812
780
741
694
369
326
1001
688
660
655
604
488
382
330
271
167
55
8
870
794
717
603
561
540
503
438
436
367
347
998
991
977
729
555
449
274
200
144
51
964
928
882
591
502
408
960
880
596
384
350
334
19
978
892
828
767
748
711
598
535
490
366
265
256
217
133
92
990
866
725
712
703
602
514
466
407
361
353
204
101
98
14
980
835
757
700
659
589
189
176
171
127
13
10
983
909
906
898
895
881
872
834
628
620
611
521
506
406
332
226
172
104
102
955
745
720
702
641
588
529
368
360
299
260
193
72
18
953
751
681
584
543
532
445
391
371
266
108
87
738
516
468
420
398
377
241
115
83
996
917
672
419
404
340
319
244
66
38
971
954
888
792
678
579
383
336
324
323
195
175
163
80
30
899
896
813
652
586
582
418
402
257
227
219
184
112
956
948
911
885
838
821
773
705
680
654
630
566
515
498
432
123
47
17
946
922
890
763
709
670
594
531
154
142
140
778
625
593
352
341
302
297
234
126
78
59
42
7
985
904
836
787
742
723
585
525
504
471
426
351
301
110
62
789
679
622
597
528
480
358
281
202
113
94
961
873
863
841
803
571
478
465
447
357
306
303
181
145
57
25
981
927
853
849
809
799
722
704
658
565
378
311
308
248
224
221
141
97
95
58
975
931
910
790
766
765
750
708
653
648
556
517
365
364
314
214
79
46
857
851
824
785
744
631
442
285
277
258
254
243
240
216
201
170
160
159
134
111
6
982
952
918
897
846
762
736
714
691
627
493
410
375
342
322
292
276
228
210
187
162
130
35
5
986
879
878
865
820
811
807
772
554
409
373
313
279
218
138
131
117
103
100
85
993
988
979
920
894
685
638
545
492
455
317
290
235
212
208
197
155
149
139
71
31
887
795
609
573
568
495
310
309
291
236
96
91
52
572
457
443
394
192
136
16
740
731
706
674
664
577
424
343
316
278
206
157
69
28
957
949
832
665
610
595
590
553
522
491
484
380
379
275
128
84
54
29
24
958
926
914
908
855
801
739
557
338
118
73
945
854
758
730
662
646
599
583
558
537
430
397
389
339
327
273
255
249
220
105
56
930
929
886
868
823
747
715
683
621
581
578
473
435
395
329
264
262
233
121
116
941
883
847
808
802
753
713
695
668
635
601
600
552
508
450
439
428
148
89
947
934
921
814
783
726
527
507
325
296
272
270
188
146
61
48
39
994
974
919
817
756
689
606
483
458
400
304
199
190
82
924
861
782
687
623
570
547
539
501
474
415
413
229
207
156
150
53
891
793
754
605
533
520
499
481
387
284
166
90
86
70
950
915
913
804
673
546
511
472
390
355
346
321
222
182
147
40
984
976
831
690
644
393
177
129
93
22
932
875
850
843
770
743
737
719
657
619
412
354
269
252
179
124
33
959
826
774
696
636
574
416
403
305
196
81
697
667
632
617
524
496
43
23
936
905
693
618
548
489
452
417
388
286
280
259
776
698
629
469
453
441
429
401
239
180
178
125
15
11
1000
968
966
626
476
456
421
298
168
63
935
830
784
779
777
761
686
475
374
99
2
845
677
647
634
534
344
253
246
186
68
36
997
987
916
580
567
549
434
381
268
215
194
77
49
989
942
818
815
735
494
479
333
283
231
132
64
27
3
999
860
798
769
669
666
608
541
510
500
459
433
396
359
312
230
183
169
907
840
486
444
362
287
161
32
859
833
810
356
120
951
781
649
569
562
399
263
251
965
852
819
209
114
21
970
837
755
676
518
158
867
806
575
513
464
37
864
467
423
405
44
962
633
615
576
505
26
912
805
768
530
294
152
940
869
721
701
238
640
211
185
937
884
862
414
300
60
856
788
642
616
318
250
560
386
969
559
191
944
716
174
871
544
995
771
733
563
462
454
223
877
728
461
607
165
76
933
825
437
315
137
900
800
699
692
261
752
550
4
213
232
151
938
564
551
440
637
282
425
295
477
122
512
348
923
