312
139
182
891
703
668
427
980
358
60
604
598
420
696
158
795
845
353
392
300
273
924
820
419
263
889
819
680
623
134
1001
840
191
979
881
650
129
409
242
647
571
538
531
249
140
930
779
502
474
256
951
872
688
334
871
726
711
705
632
593
566
501
781
486
357
168
152
122
433
165
864
648
558
463
328
274
570
526
454
107
92
322
161
24
956
859
849
441
346
310
133
125
467
187
737
323
17
755
611
555
425
397
379
108
102
821
719
686
633
331
614
288
208
155
90
82
937
892
741
578
338
150
124
28
661
602
520
407
387
305
35
851
844
785
776
747
684
657
622
512
413
383
247
201
146
143
975
787
758
718
690
600
497
492
466
461
315
220
46
964
935
911
720
701
674
507
336
291
189
175
147
918
883
681
521
404
283
255
192
181
128
101
885
806
697
621
554
505
446
234
225
207
120
18
988
925
893
856
662
636
584
583
532
450
340
306
290
244
166
105
29
3
971
927
807
800
731
687
631
609
546
453
324
311
203
88
985
953
899
877
733
586
533
476
445
389
350
153
89
9
914
888
855
792
738
302
209
159
994
863
847
841
642
627
552
499
489
455
449
448
426
333
213
198
142
978
916
794
727
630
524
459
258
236
99
91
960
942
941
919
909
866
829
793
750
734
606
590
477
452
447
370
294
211
172
81
860
824
716
442
415
366
252
156
95
45
907
813
548
393
280
266
196
185
162
963
958
955
915
784
700
658
629
592
541
482
460
435
432
367
335
113
73
34
23
890
766
754
643
582
562
491
488
361
271
210
84
999
929
865
740
666
581
573
549
373
248
240
205
183
170
135
111
96
83
69
968
945
923
880
836
802
689
645
624
605
551
327
287
261
74
55
926
769
761
664
565
535
528
527
515
510
498
396
241
224
118
109
67
53
2
910
671
646
559
530
517
423
330
320
307
304
276
27
947
887
870
830
706
625
363
269
173
115
94
48
42
11
966
957
949
943
837
817
746
644
610
599
595
553
518
484
481
437
376
349
286
199
137
87
900
878
867
780
759
679
385
270
141
127
106
77
65
970
959
906
902
895
831
815
765
725
649
635
616
601
537
471
430
418
399
384
317
303
251
250
219
79
852
833
825
799
789
752
694
673
617
597
588
575
550
422
281
278
262
232
188
117
114
982
974
931
818
685
653
618
594
506
493
417
403
319
318
275
148
110
56
14
8
944
835
699
669
540
468
390
372
355
343
272
126
26
13
992
973
846
803
613
522
508
456
443
405
382
345
332
235
197
132
22
939
879
822
767
764
717
639
577
487
485
472
469
436
424
299
233
176
116
33
996
917
905
834
682
612
388
380
364
136
130
104
921
901
811
783
773
721
683
511
431
337
329
243
223
178
163
41
39
990
898
774
534
298
237
149
64
16
886
862
745
656
654
608
580
513
490
414
381
229
169
72
894
762
712
670
637
626
444
416
375
362
86
66
31
5
987
743
732
704
698
651
591
579
539
475
285
254
217
202
103
78
61
50
21
998
977
876
874
858
756
652
640
638
514
509
483
458
451
428
301
154
98
70
38
908
814
812
757
663
560
401
398
282
216
151
131
47
854
805
768
753
736
695
542
479
470
421
177
36
861
848
707
678
587
547
277
268
193
52
4
952
808
620
563
545
394
226
214
62
54
997
965
828
607
516
326
308
295
265
157
97
43
40
6
969
920
912
827
797
775
692
691
569
536
504
457
439
400
339
259
228
204
164
32
857
801
777
772
615
603
495
434
369
260
206
138
123
100
80
790
729
709
478
406
342
19
986
934
932
760
702
568
325
296
976
903
826
284
231
212
51
948
810
739
429
359
321
316
313
293
279
230
58
896
832
710
655
543
843
561
557
412
386
360
352
239
238
49
938
788
634
585
525
391
365
200
174
950
804
529
473
438
341
195
984
796
742
724
672
628
494
465
63
462
348
995
972
842
749
693
660
564
93
981
875
503
480
464
408
368
264
179
59
730
402
344
246
144
71
68
809
770
659
496
378
347
289
222
1000
993
922
786
723
676
371
292
253
928
748
715
411
395
180
991
897
714
677
523
933
853
839
589
37
30
15
735
257
186
57
823
778
576
245
221
160
76
967
961
946
904
596
556
25
954
675
85
798
500
989
873
713
519
145
75
44
940
913
619
356
983
708
572
782
354
962
869
722
567
171
121
791
763
574
351
190
218
728
884
882
850
838
816
751
314
215
167
119
744
641
440
7
410
667
544
309
665
868
194
936
771
112
377
297
227
374
184
20
12
267
